function [f] = f(D)

f = 1.7530 - 0.3530.*D + 0.0182.*D.^2;

end